53 67 66 66 66 53 53 53 53 53 73 53 53 53 66 53 53 53 53 85 73 73 73 73 53 53
66 53 66 66 66 53 53 53 53 53 53 73 53 53 66 53 53 53 53 73 85 73 73 73 53 53
66 66 53 66 66 53 53 53 53 53 53 53 73 53 66 53 53 53 53 73 73 85 73 73 53 53
66 66 66 53 66 53 53 53 53 53 53 53 53 73 73 53 53 53 53 73 73 73 85 85 53 53
66 66 66 66 53 53 53 53 53 53 53 53 53 53 73 53 53 53 53 73 73 73 85 85 53 53
53 53 53 53 53 53 66 66 66 66 53 53 53 53 53 73 73 53 53 53 53 53 53 53 85 85
53 53 53 53 53 66 53 66 66 66 53 53 53 53 53 73 73 53 53 53 53 53 53 53 85 85
53 53 53 53 53 66 66 53 66 66 53 53 53 53 53 66 53 73 53 53 53 53 53 53 73 73
53 53 53 53 53 66 66 66 53 66 53 53 53 53 53 66 53 53 73 53 53 53 53 53 73 73
53 53 53 53 53 66 66 66 66 53 53 53 53 53 53 66 53 53 53 53 53 53 53 53 73 73
66 66 66 66 66 53 53 53 53 53 53 53 53 53 66 53 53 53 53 73 73 73 73 73 53 53
66 66 66 66 66 53 53 53 53 53 53 53 53 53 66 53 53 53 53 73 73 73 73 73 53 53
66 66 66 66 66 53 53 53 53 53 53 53 53 53 66 53 53 53 53 73 73 73 73 73 53 53
66 66 66 66 66 53 53 53 53 53 53 53 53 53 66 53 53 53 53 73 73 73 73 73 53 53
66 66 66 66 66 53 53 53 53 53 53 53 53 66 53 53 53 53 53 73 73 73 73 73 53 53
53 53 53 53 53 66 66 66 66 66 53 53 53 53 53 53 66 53 53 53 53 53 53 53 73 73
53 53 53 53 53 66 66 66 66 66 53 53 53 53 53 66 53 53 53 53 53 53 53 53 73 73
53 53 53 53 53 66 66 66 66 66 53 53 53 53 53 66 53 53 53 53 53 53 53 53 73 73
53 53 53 53 53 66 66 66 66 66 53 53 53 53 53 66 53 53 53 53 53 53 53 53 73 73
85 66 66 66 66 53 53 53 53 53 66 53 53 53 66 53 53 53 53 53 73 73 73 73 53 53
66 85 66 66 66 53 53 53 53 53 53 66 53 53 66 53 53 53 53 73 53 73 73 73 53 53
66 66 85 66 66 53 53 53 53 53 53 53 66 53 66 53 53 53 53 73 73 53 73 73 53 53
66 66 66 85 85 53 53 53 53 53 53 53 53 66 66 53 53 53 53 73 73 73 53 66 53 53
66 66 66 85 85 53 53 53 53 53 53 53 53 66 66 53 53 53 53 73 73 73 66 53 53 53
53 53 53 53 53 85 85 66 66 66 53 53 53 53 53 66 66 53 53 53 53 53 53 53 53 66
53 53 53 53 53 85 85 66 66 66 53 53 53 53 53 66 66 53 53 53 53 53 53 53 66 53
